500 60256 669170 67289 544378 65764 555667 64095 653808 62978 648625 63570 664797 60891 652120 59852 623895 62952 551282 59363 550456 61386 526981 64636 572684 62931 556097 66158 551593 60647 541053 60260 547076 61506 550030 62119 539519 60168 536309 60633 531305 61655 547412 62957 555117 61832 560942 63226 556622 65967 557083 63656 549172 62989 543190 60752 549567 62171 534564 62946 569035 59536 535853 62337 556248 62599 546945 61676 543123 61099 533331 63261 547469 60270 540353 60333 543772 62110 550931 65391 593589 
1000 241464 2002692 259237 1992
212 247264 2003707 253953 1950308 241919 2012962 239006 2003463 246890 2118257 246174 1925218 252047 1949879 246530 2057808 247031 1970943 249889 2040323 242454 1968908 257383 2011278 254462 2012213 255248 2027680 244839 1983244 243458 1946743 254985 1984648 245255 1967776 245334 1993764 251287 2002656 257561 1942673 247377 2004156 262150 2004815 247746 1947510 242587 1970309 253928 2033941 252269 1988633 255332 2011441 237909 2031653 251854 2016380 256337 2035357 253235 2037515 243798 1982314 254075 1970422 247439 2116306 245576 2068497 249539 1953196 249744 2001480 
1500 564918 5522009 575355 5215678 548011 4402703 557337 4414739 553096 4367123 579236 4268784 536931 4325650 556820 4404458 561241 4398238 579895 4642017 569596 5293513 554578 5021445 542027 4303588 554827 4413001 562915 4422236 532733 4525197 574641 4372366 559602 4304200 561767 4410231 575387 4519746 559324 4476796 549341 4381102 556865 4329051 566863 4493305 556203 4347046 566834 4373295 577197 4365851 554599 4513785 545532 4415876 546636 5630343 581424 4794672 557208 4465774 570120 4319449 573765 4360941 559424 4377029 553015 4427555 574548 4401753 559066 4483337 556976 4354161 574830 4350035 
2000 993567 8267672 1012056 7805429 1005850 8033914 993750 7822575 1016732 7846125 982238 7770226 1012851 7946188 995314 7812981 983913 7933464 1011528 7925646 1010460 8139831 980902 7801955 1011460 8281106 997717 8279924 990461 7896126 1016764 7825523 991147 7711655 1015234 8054843 997136 7856224 980687 7752703 1008761 7929900 1001794 7632394 1012621 7868764 983939 7785099 998943 7858924 955792 8572573 990639 7827925 1008340 7996478 989094 7861509 992308 7904657 1000240 8999236 991641 8929127 985643 7954999 978429 8025708 999037 8014277 959924 7774312 1020872 8557502 973922 9321079 990521 10403339 998958 10486237 
2500 1574685 12964960 1572677 12749120 1550045 12547156 1520848 12547332 1534799 12606970 1560635 13519055 1555543 12823720 1578508 12399967 1567360 12534157 1566304 12522033 1525361 13123478 1564611 13141840 1569822 12641050 1534980 12938508 1550173 12585142 1552446 12494164 1561169 12633046 1593635 12600698 1587335 12686488 1553096 12396288 1570616 12430916 1528260 13294000 1549865 12436562 1566189 12724304 1560184 12441712 1552524 12522144 1571033 12736903 1585731 12597668 1550450 13525913 1551165 13137288 1540163 12518659 1570100 12812481 1598425 12845054 1583909 12826707 1547558 12692477 1535080 14085083 1574980 14129665 1560669 12668122 1554941 12480796 1550642 12577545 
3000 2212124 18415282 2268534 20718909 2230888 22657058 2310537 22293088 2259226 21436104 2234577 20305134 2295763 22608838 2273617 22912125 2292078 22574200 2282268 22949589 2265798 23715840 2200735 22770743 2259632 22721271 2279281 23062788 2250903 23394466 2267040 21395205 2256693 19632679 2275314 18987399 2256449 18365702 2205983 18409435 2280036 18346813 2227798 18545222 2229979 18930018 2203995 19789564 2251537 18169353 2258713 18672549 2291827 18717164 2236257 18505471 2230577 18815094 2302310 18900457 2280342 19447079 2305560 18609705 2220252 18317615 2215612 18349427 2226585 18836556 2231087 18792532 2263268 18627443 2192067 18496314 2175126 18384534 2263171 18321055 
3500 3073684 25797949 3071978 25874217 3057543 25492213 3042101 25482309 3010126 25811705 3043080 25599642 3097047 25650823 3065855 25715659 3054768 25774280 2990323 26449562 3031981 25366633 3087314 25527325 3005918 25261367 3046234 26161858 3143298 25331801 3139444 25620799 3078268 25625585 3050419 25654002 3075399 25285894 3068646 25287440 3047797 26286135 3077861 26507989 3051326 26582271 3006326 27688293 2983208 25667214 3070550 26257022 3039444 26932264 3115943 25617317 3083751 25905337 3114469 26035691 3109331 25720917 3071299 25575251 3023338 26007699 3044849 25333675 3053586 25488586 3104056 25754394 3077185 25918538 2997262 25989453 3050776 25326725 3071351 25478516 
4000 4001551 33946301 4028242 33839807 4048489 33777981 4053487 35796018 4017301 34104636 4008318 33890624 3979274 34627785 4016809 34014923 4017624 34087947 3988251 34351594 3937162 33630754 4038585 34423401 4026892 34215200 3994885 34040255 4071086 34288794 3923351 33305183 3994233 34081160 3935600 34305557 4051086 34595820 3974409 33900949 4063801 34971205 4013923 33797348 4004722 33726914 4059746 34071257 3972356 33583593 4030274 34357992 3950970 34187809 4012296 34192647 3950035 34029372 3992679 34156513 3981657 34101156 3947471 34127765 3962542 34442663 4034930 33595074 3979170 33843217 3972684 34290881 4020196 33956155 3992902 34507443 4018775 34477157 4038132 34030792 
4500 5072208 44314404 5109153 43861158 4977864 43778260 5049834 44443165 5059560 43686593 5085218 43673388 4974899 43389544 5167732 43749242 5017859 43519080 5045562 44415426 5005200 43909224 5017686 43568181 5102382 44481450 5038754 43939696 5148458 44601627 5056669 44212090 5072548 44352148 5060802 43049738 5061966 44300535 5117245 44711190 5054373 43323320 5046353 44310267 5101480 43862288 5018507 44220521 5072658 43361879 4965859 43941444 5075647 43409687 5066015 45448080 5009544 45083240 4980690 43240941 5077036 44979748 5078175 43161349 5066512 43668317 4986986 43384736 4983354 43439522 5088890 44046459 5065162 43718202 5057928 43731618 4971602 43157493 4983238 43992660 
5000 6149550 53927136 6279137 54937071 6323862 54886623 6256707 55039002 6226923 53943387 6323095 55862515 6274542 55343335 6332787 54621877 6208162 54469500 6188050 55643612 6271983 57636848 6192312 62264141 6323870 55485238 6194179 55316537 6177094 54418165 6196332 55116560 6206639 54746122 6209945 54926783 6165753 54556389 6134780 54684160 6201124 54805310 6166268 55106864 6180284 54549733 6274434 55318148 6254196 54824427 6120638 54737788 6378363 54472913 6338184 54792506 6159928 55340120 6278383 54355167 6264691 54865372 6136732 54565020 6196602 54366666 6283634 54331830 6227535 54141609 6307133 54704218 6247838 55010179 6170669 55298835 6132658 54601360 6286729 54730371 
5500 7635676 66727665 7527510 66722260 7486367 67223435 7617427 66852347 7608887 67445293 7547337 66830898 7543817 66812692 7475795 66862260 7576277 67336213 7614580 67303579 7544764 67060964 7600713 67202454 7598835 67082101 7675645 66784820 7596380 66836578 7536280 66427259 7621151 66173479 7544864 66732955 7523377 67135399 7522939 67549502 7573815 67698149 7389304 66273788 7492416 66536279 7367239 67283849 7537499 66366238 7673745 66964548 7627771 66883316 7523107 66145357 7557916 66765660 7547109 66625169 7498696 66006877 7544096 68260850 7579752 67334205 7491305 67244226 7576797 68407101 7496567 67210153 7610210 66780352 7556270 67573798 7508155 67056642 7597887 66817887 
6000 8993879 80955596 9015747 81006185 8869612 80757497 9084371 81501407 8930728 79567451 9001654 81253748 8975873 80514037 9024215 80416305 8988535 79533111 8936178 80506245 9044471 80080144 8809759 79615421 8970014 80139913 9035659 80863781 9010207 80290465 8993141 80133492 8850976 79899145 9044335 81505656 8962932 80522395 8893229 80336344 9069961 80470816 9021389 82363420 8976889 80567561 8938840 79787874 8983245 80891751 8988007 79872693 8986682 80603986 8912570 80766473 8935728 81273036 9037282 81110363 9005213 79699447 9003872 79607068 9004574 80214023 8982742 83081628 8901550 81225263 8949533 81053644 8859762 81233506 8921236 81793777 8993298 81571725 9113775 80966943 
