500 3863 96448 3862 89650 3850 89876 3838 87134 3870 85862 3854 86757 3863 149621 3862 149176 3858 147741 3859 146013 3856 147234 3830 144645 3847 147199 3870 141776 3846 144011 3844 141844 3833 176184 3864 143842 3848 147577 3846 145986 3850 152027 3845 145369 3828 137598 3864 125356 3850 132674 3842 138988 3855 148739 3870 146113 3875 142051 3853 150439 3849 150991 3859 149886 3849 149648 3852 162783 3822 148909 3847 146954 3831 146218 3854 149393 3829 146734 3864 146516 
1000 8686 194908 8695 197348 8716 191273 8717 186971 8713 187792 8693 188527 8703 186107 8682 199568 8701 187775 8713 188856 8696 187510 8703 175515 8726 177195 8722 175050 8717 177116 8723 184586 8713 207566 8713 188130 8697 175569 8713 175565 8711 183000 8710 176631 8704 176395 8717 175553 8717 175407 8710 175919 8715 174138 8719 176319 8730 175144 8745 177971 8712 177185 8743 176998 8693 175793 8704 182822 8722 175898 8739 177180 8709 174614 8712 194990 8699 174064 8696 175541 
1500 13946 292322 13971 275867 13975 351044 13964 357930 13955 354442 13960 352615 13978 373568 13951 351298 13983 349955 13962 352890 13933 361476 14001 353538 13938 350772 13918 354113 13946 360442 13977 349612 13927 359096 13984 379380 13970 353856 13981 365223 13984 356660 13937 353674 13982 358375 13963 356392 13933 352755 14012 352494 13991 350772 13959 364042 13950 376096 13964 354288 13929 352022 13933 355884 13977 351374 13949 353260 13932 354247 13980 369990 13934 354177 14000 359712 13927 354826 13911 388063 
2000 19422 496028 19388 484131 19410 480167 19435 502478 19397 482859 19418 503824 19395 522261 19418 489631 19403 486181 19393 483206 19469 476425 19430 502985 19417 485972 19436 485621 19461 484180 19417 487673 19398 481574 19449 481816 19400 483005 19357 513830 19387 483954 19426 482025 19435 484571 19427 481459 19452 482909 19404 491906 19405 485858 19400 502886 19444 489101 19419 483914 19386 478966 19424 494511 19383 485294 19403 494667 19446 548421 19379 743402 19403 491266 19354 481041 19392 493086 19417 480080 
2500 25113 631635 25097 644289 25090 616483 25129 622595 25064 641521 25083 618740 25139 630511 25154 617350 25141 622510 25118 620792 25131 646536 25074 632134 25044 618979 25133 620351 25058 622672 25097 626563 25127 624149 25133 645943 25151 622393 25087 620028 25087 630287 25077 618311 25099 618398 25149 643197 25090 619609 25112 631311 25104 618591 25085 623097 25077 619309 25128 638247 25152 812271 25061 943102 25090 638353 25074 747570 25054 632317 25116 854290 25172 946008 25164 951518 25124 924117 25115 644489 
3000 30912 790711 30925 751889 30918 765473 30909 758367 30889 753624 30966 783986 30954 757395 30921 751261 30985 755961 30928 2300334 30890 609861 30903 590229 30912 585000 30927 593685 30950 611711 30909 589859 30901 590071 30934 594601 30897 585968 30884 588529 31004 586337 30881 616378 30892 587810 30873 587500 30942 584865 30984 593322 30875 586144 30907 587046 30890 612707 30946 596993 30923 585449 30882 588739 30909 583733 30906 592549 30892 613331 30909 588457 30887 585725 30938 592521 30972 585883 30935 587344 
3500 36849 713102 36758 705032 36878 725638 36896 732464 36834 738730 36840 703111 36879 706300 36842 701419 36846 723949 36794 709828 36807 703405 36801 701152 36868 705382 36820 723731 36848 703398 36839 701956 36862 721972 36806 865436 36847 918295 36739 838651 36856 702027 36900 702553 36870 702672 36805 707150 36882 729406 36779 699955 36798 702681 36843 701453 36766 730203 36924 727473 36796 704130 36811 705532 36833 701167 36812 708189 36844 702854 36828 725470 36897 720212 36858 701060 36834 700909 36861 706345 
4000 42825 819155 42788 841189 42820 808804 42819 813517 42801 809254 42818 808841 42805 836040 42811 869820 42854 809071 42773 816717 42830 810708 42813 836140 42808 815138 42818 810030 42825 822213 42836 833382 42821 809715 42851 810577 42827 815858 42845 811060 42898 841278 42822 816275 42860 807838 42839 808873 42850 813460 42864 832083 42817 809412 42890 815627 42849 810559 42861 814655 42881 845115 42826 809646 42834 811018 42768 813138 42862 808511 42815 1124572 42829 1303108 42835 992603 42794 888681 42807 825628 
4500 49037 948835 48952 933123 49055 2288807 48940 941675 48943 935669 48953 935609 48943 968521 49039 928705 48963 935508 48947 931116 48982 959982 48912 930499 49050 928298 49038 931664 48964 958288 49002 933887 48989 925961 49013 930513 48953 960647 48913 932831 48984 929123 48935 927416 49030 964306 48976 935136 48977 932279 49017 931530 48950 933528 48993 951676 48960 936098 49066 934075 48971 925144 49025 953610 49001 927483 48980 935440 48999 928109 49000 949129 49007 937591 49000 927013 49019 928747 48975 948204 
5000 55293 1041298 55224 1046673 55166 1032194 55221 1058757 55231 1038594 55322 1033627 55241 1036774 55212 1055891 55158 1039162 55254 1034770 55185 1052689 55237 1035382 55255 1033313 55237 1037131 55253 1055139 55232 1035005 55205 1034863 55193 1031092 55232 1112486 55296 1621183 55256 1272232 55228 1415879 55259 1143105 55247 1329135 55271 1359712 55278 1416316 55310 1245852 55165 1612879 55392 1267797 55201 1044790 55343 1063326 55331 1036658 55185 1032533 55194 1029243 55202 1061335 55301 1034052 55251 1036861 55164 1061576 55279 1040089 55223 1032635 
5500 61533 1482455 61478 1519740 61518 1230913 61549 1207157 61546 1148980 61530 2543473 61509 1203100 61448 1158113 61519 1152402 61511 1196423 61493 1154597 61512 1156255 61541 1178149 61561 1163557 61418 1150050 61525 1184791 61442 1151290 61546 1154870 61506 1152118 61492 1189859 61557 1153946 61533 1159734 61471 1175886 61539 1149440 61521 1152758 61504 1151936 61521 1167005 61500 1150639 61512 1156663 61477 1169635 61497 1160653 61487 1151707 61558 1177855 61534 1152968 61609 1157398 61493 1150596 61474 1172107 61480 1152593 61487 1156195 61515 1178693 
6000 67917 1272454 67833 1262074 67808 1293531 67832 1259995 67825 1264401 67779 1285861 67851 1261459 67888 1262190 67785 1284109 67881 1258928 67875 1256768 67795 1280878 67786 1258452 67915 1265167 67849 1280947 67863 1324580 67871 1265151 67862 1300068 67772 1254549 67877 1258483 67919 1285398 67800 1265327 67874 1261255 67799 1295887 67822 1260922 67756 1264285 67814 1369128 67831 1256498 67849 1260240 67793 1286328 67796 1264151 67911 1258428 67883 3224240 67843 1915824 67834 1317449 67849 1267118 67854 1272281 67900 1295220 67804 1269587 67865 1268885 
